captured_image0.jpg torch.Tensor([0.,0.45,0.,-0.0,0.0,0.45]);
captured_image1 torch.Tensor([0.,0.35,-0.35,0.1,0.1,0.4])

Camera params:

[[1.03763548e+03 0.00000000e+00 6.62567934e+02]
 [0.00000000e+00 1.03799680e+03 4.09403321e+02]
 [0.00000000e+00 0.00000000e+00 1.00000000e+00]]
[[-0.00719827  0.16618415  0.00186685  0.00145314 -0.52694181]]
[[1.03763548e+03 0.00000000e+00 6.62567934e+02]
 [0.00000000e+00 1.03799680e+03 4.09403321e+02]
 [0.00000000e+00 0.00000000e+00 1.00000000e+00]]
[[958.84454346   0.         683.72016881]
 [  0.         956.85577393 422.16478461]
 [  0.           0.           1.        ]]

